SCALE: 25
nvtx: 33554432
edgefactor: 16
terasize: 8.58993459199999983e-03
A: 5.69999999999999951e-01
B: 1.90000000000000002e-01
C: 1.90000000000000002e-01
D: 5.00000000000000444e-02
generation_time: 8.91925790610000035e+01
construction_time: 1.02059225210999998e+02
nbfs: 64
min_time: 1.28561170940000000e+01
firstquartile_time: 1.56569445237499991e+01
median_time: 1.64796538155000007e+01
thirdquartile_time: 1.74381723937499977e+01
max_time: 1.84861183780000005e+01
mean_time: 1.64844399707343747e+01
stddev_time: 1.17610935920228021e+00
min_nedge: 5.36865498000000000e+08
firstquartile_nedge: 5.36865498000000000e+08
median_nedge: 5.36865498000000000e+08
thirdquartile_nedge: 5.36865498000000000e+08
max_nedge: 5.36865498000000000e+08
mean_nedge: 5.36865498000000000e+08
stddev_nedge: 0.00000000000000000e+00
min_TEPS: 2.90415482051069215e+07
firstquartile_TEPS: 3.09927724509162828e+07
median_TEPS: 3.26658236332102939e+07
thirdquartile_TEPS: 3.43926829921907783e+07
max_TEPS: 4.17595370417524576e+07
harmonic_mean_TEPS: 3.25680155924692228e+07
harmonic_stddev_TEPS: 2.92748400726392341e+05
