SCALE: 23
nvtx: 8388608
edgefactor: 16
terasize: 2.14748364799999996e-03
A: 5.69999999999999951e-01
B: 1.90000000000000002e-01
C: 1.90000000000000002e-01
D: 5.00000000000000444e-02
generation_time: 1.89408543189999996e+01
construction_time: 2.21561167810000015e+01
nbfs: 64
min_time: 2.02265014000000010e+00
firstquartile_time: 2.55825633149999998e+00
median_time: 2.94398142300000032e+00
thirdquartile_time: 3.12291987999999998e+00
max_time: 4.12964582800000013e+00
mean_time: 2.84608063134374989e+00
stddev_time: 4.12319781844184607e-01
min_nedge: 1.34216250000000000e+08
firstquartile_nedge: 1.34216250000000000e+08
median_nedge: 1.34216250000000000e+08
thirdquartile_nedge: 1.34216250000000000e+08
max_nedge: 1.34216250000000000e+08
mean_nedge: 1.34216250000000000e+08
stddev_nedge: 0.00000000000000000e+00
min_TEPS: 3.25006684810550287e+07
firstquartile_TEPS: 4.32924117491271868e+07
median_TEPS: 4.68608288293352723e+07
thirdquartile_TEPS: 5.32653232795032784e+07
max_TEPS: 6.63566315032613575e+07
harmonic_mean_TEPS: 4.71582739160243198e+07
harmonic_stddev_TEPS: 8.60745176433220506e+05
