SCALE: 22
nvtx: 4194304
edgefactor: 16
terasize: 1.07374182399999998e-03
A: 5.69999999999999951e-01
B: 1.90000000000000002e-01
C: 1.90000000000000002e-01
D: 5.00000000000000444e-02
generation_time: 9.21171475200000067e+00
construction_time: 1.02134824670000004e+01
nbfs: 64
min_time: 7.95713298000000013e-01
firstquartile_time: 9.30744001750000050e-01
median_time: 1.04090956350000008e+00
thirdquartile_time: 1.21935230475000012e+00
max_time: 1.53152162799999991e+00
mean_time: 1.06085041784374989e+00
stddev_time: 1.70333695627606807e-01
min_nedge: 6.71081140000000000e+07
firstquartile_nedge: 6.71081140000000000e+07
median_nedge: 6.71081140000000000e+07
thirdquartile_nedge: 6.71081140000000000e+07
max_nedge: 6.71081140000000000e+07
mean_nedge: 6.71081140000000000e+07
stddev_nedge: 0.00000000000000000e+00
min_TEPS: 4.38179342512034103e+07
firstquartile_TEPS: 5.52674751023998111e+07
median_TEPS: 6.49249187792111337e+07
thirdquartile_TEPS: 7.40373341550254822e+07
max_TEPS: 8.43370522632637918e+07
harmonic_mean_TEPS: 6.32587901849553585e+07
harmonic_stddev_TEPS: 1.27966715899486397e+06
